box:-116,-88;16,16;0;
box:1372.5,4;2768,24;-3.14159;
box:1348,540.5;2736,24;-3.14159;
box:580.5,159.5;248,32;-3.14159;
box:816.5,351.5;224,32;-3.14159;
box:1600,120;32,208;-3.14159;
box:1952,456;32,208;-3.14159;
box:1952,-8;32,208;-3.14159;
box:1600,552;32,144;-3.14159;
box:1280,288;32,128;-3.14159;
box:1023.5,160.5;32,192;-3.14159;
box:448,352;32,376;-3.14159;
box:968,292.5;40,160;-2.35619;
box:1172,444;40,312;-2.35619;
box:1028.5,-23.5;136,192;-2.35619;
box:1108,544.5;104,80;-2.35619;
box:456.5,560.5;104,80;-2.35619;
box:1608.5,560;104,80;-2.35619;
box:1592,-20;104,80;-2.35619;
box:1944,-20;104,80;-2.35619;
box:1960,560;104,80;-2.35619;
box:455.5,168.5;32,40;-3.92699;
box:703.5,159.5;24,24;-3.92699;
box:704,351.5;24,24;-3.92699;
box:1280,223.5;24,24;-3.92699;
box:1600,480;24,24;-3.92699;
box:1952,352;24,24;-3.92699;
box:1952,96;24,24;-3.92699;
box:1600,224;24,24;-3.92699;
